T=[
20 190 14283 1124 365
30 309 58297 2338 649
40 1585 173429 3949 1127
50 2118 393998 5939 1655
60 2977 778583 8295 2131
70 3915 1391392 11006 2960];

